15040
15106
15161
15163
15164
15175
15183
16489
21425
22825
22889
23309
23322
23413
23479
23692
23762
23984
26418
26504
26871
27020
27775
27936
29041
29170
29182
29807
131
245
345
391
986
1101
1230
1472
1476
1671
1858
1948
1999
2039
2161
2201
2254
2292
2436
2511
2638
2730
2732
3085
3132
3179
3294
3297
3584
3588
3590
3630
3640
3892
3943
4761
4964
4982
5142
5258
5500
5502
5543
5768
5864
6108
6473
6475
6504
6603
6678
7202
7204
7241
7242
7484
7486
7684
7903
8673
8735
9022
9278
9279
9284
9286
9292
9293
9295
9298
9303
9306
9309
9312
9313
9320
9330
9423
11627
11703
11792
11793
11825
11829
11835
11887
11898
11905
12074
12131
12140
12163
12193
12195
12305
12313
12337
12373
12401
12445
12542
12659
12704
14275
14288
14344
14428
14565
14574
14575
14578
14579
14581
14594
14842
14992
30247
30263
30649
30783
31106
